REPORT FOR INSTANCE: tai35b (Size: 35, Optimal Score: 283315445.0)
======================================================================

Version  Best_GAP  Mean_GAP  Worst_GAP  Std_GAP  Best_Score Optimum_Hits  Total_Time_Sec
    PMX  0.113624  0.380694   0.881912 0.152343   283637360         0/30           64.31
   WRAO  0.085752  0.347366   0.643718 0.136265   283558395         0/30           63.74
     AO  0.085752  0.364588   0.528182 0.091710   283558395         0/30           63.65

======================================================================
BEST PERMUTATIONS FOUND BY EACH METHOD:
----------------------------------------
PMX   Best Permutation: [14 12 33  2 22 30 11  8  1  3  5 20 10 17 18  9 19 32 13 27 16  4 34  7
 23 24  6 35 31 28 15 21 29 26 25]
WRAO  Best Permutation: [14 12  5 18 10 30 11 22  1 19  9 20 32 17  2 33  3  8 13 27 16 29 34  7
 23 24  6 35 31 28 15 21 26  4 25]
AO    Best Permutation: [14 12  5 18 10 30 11 22  1 19  9 20 32 17  2 33  3  8 13 27 16 29 34  7
 23 24  6 35 31 28 15 21 26  4 25]
