REPORT FOR INSTANCE: lipa70a (Size: 70, Optimal Score: 169755.0)
======================================================================

Version  Best_GAP  Mean_GAP  Worst_GAP  Std_GAP  Best_Score Optimum_Hits  Total_Time_Sec
    PMX  0.772289  0.819495   0.861830 0.020280      171066         0/30          221.95
   WRAO  0.775824  0.823147   0.861241 0.019092      171072         0/30          224.45
     AO  0.781126  0.824482   0.855939 0.017465      171081         0/30          220.73

======================================================================
BEST PERMUTATIONS FOUND BY EACH METHOD:
----------------------------------------
PMX   Best Permutation: [50 33 46 41 20 12 57 10 14  3 52 30 23 26 18 51  1 40 11 37 34  5 49 67
 21 65  6 60  2  8 13 68 61 22 53 45 32 56 48 28 17 36 44 38 55 31 15 63
 29 70 66 64 16 54 47 39 24 59  7 35  9  4 69 25 58 19 62 42 27 43]
WRAO  Best Permutation: [30 10 12 68 40 43 42 35 37 53 27 11 36 57 62 21  2 33 66 32 70 44 13  9
  8 65 45 15 25  6 22 31 64 23  3 47  4 51 26 19 18 61  5 14 17 34 38 16
 49 69 28 29 20 58 67 55  1 54 24 52 48 46  7 63 39 59 56 41 50 60]
AO    Best Permutation: [57 37  6  9 13 32 27 14 52 17 33 46 49 28  7 12  8  2 69 20 66 35 54 58
 43 34 44 42 48 56  5 64 26 30 50 63 38 19 60 16  3 53 36  1 67 40 51 24
 68 25 15 45 31 47 11 62 70 23 39 22 21  4 59 29 10 55 41 65 61 18]
