REPORT FOR INSTANCE: lipa70b (Size: 70, Optimal Score: 4603200.0)
======================================================================

Version  Best_GAP  Mean_GAP  Worst_GAP  Std_GAP  Best_Score Optimum_Hits  Total_Time_Sec
    PMX       0.0 16.453265  20.049596 7.359633     4603200         5/30          222.73
   WRAO       0.0 16.429273  20.002477 7.349387     4603200         5/30          220.82
     AO       0.0 17.098345  19.942627 6.707809     4603200         4/30          223.10

======================================================================
BEST PERMUTATIONS FOUND BY EACH METHOD:
----------------------------------------
PMX   Best Permutation: [ 1  2  3  4  5  6  7  8  9 10 11 12 13 14 15 16 17 18 19 20 21 22 23 24
 25 26 27 28 29 30 31 32 33 34 35 36 37 38 39 40 41 42 43 44 45 46 47 48
 49 50 51 52 53 54 55 56 57 58 59 60 61 62 63 64 65 66 67 68 69 70]
WRAO  Best Permutation: [ 1  2  3  4  5  6  7  8  9 10 11 12 13 14 15 16 17 18 19 20 21 22 23 24
 25 26 27 28 29 30 31 32 33 34 35 36 37 38 39 40 41 42 43 44 45 46 47 48
 49 50 51 52 53 54 55 56 57 58 59 60 61 62 63 64 65 66 67 68 69 70]
AO    Best Permutation: [ 1  2  3  4  5  6  7  8  9 10 11 12 13 14 15 16 17 18 19 20 21 22 23 24
 25 26 27 28 29 30 31 32 33 34 35 36 37 38 39 40 41 42 43 44 45 46 47 48
 49 50 51 52 53 54 55 56 57 58 59 60 61 62 63 64 65 66 67 68 69 70]
