REPORT FOR INSTANCE: tai256c (Size: 256, Optimal Score: 44759294.0)
======================================================================

Version  Best_GAP  Mean_GAP  Worst_GAP  Std_GAP  Best_Score Optimum_Hits  Total_Time_Sec
    PMX  0.254101  0.317269   0.369349 0.031822    44873028         0/30         1840.42
   WRAO  0.228636  0.314600   0.403898 0.040489    44861630         0/30         1894.03
     AO  0.259611  0.321749   0.380980 0.031249    44875494         0/30         1884.58

======================================================================
BEST PERMUTATIONS FOUND BY EACH METHOD:
----------------------------------------
PMX   Best Permutation: [234 159 252 177 249 142 128 191 241 219 146 129  13  61 115 232  98 163
 157 140  64  22  18  73 122  27 189 100 204  44 148 238  24 187 165  10
   5  36  81  94 155 209 227 217   3  91  30  39 230  76 200 244  33 137
 215  59  66 135 180 221 111  53  51  42 170  47   7 176 125 206  79 182
  16  85 208 197 212  56  70 167  68 108 255 152 103 133 105 118 194  88
 185 240 214 207 153  86 224 222 198 172  55 117  41  54 132 136  49  99
  35  67 147 168 106  89 228 130 186 141  38 143  63  17  34 196 149 145
 123  31 138  62 156  29  87  92  84 188  71 199 235 114  40  28  69 102
 210  95 109 104 231 213  15 236 245 173 226 160  48 211 254  21 192  90
 237 205  97  20   2 110 175 107 184  26  58 201 242 246 112  12   1 116
  11  19 195 161  25 218 190 229   4 220 247  50 169 134 253 124 127 233
  14 216   6 171  93 151 101 202 225 174  74  57  72 166 139 256   9 239
 203 154 251 178  60  43 223  82  83 131  32 126   8  65  78 183 158  80
 164 150 121  96 119 179 193 250 120  52 113 248 181  75 243  77 162  23
  46  45 144  37]
WRAO  Best Permutation: [149 147  59 142 100  74 134   1 237 182 214 115 144  89 216 124 254  69
 164 117 137  47 239 174 229 231  20 130 167 250 177   3 157 242  98 120
 152  94  83 176  44  91 225  29 139  80  56  54 205 201  71 222 127 184
  41 106  33 244  24 197 186 154 248  15 171 109  81 218   5  77 179 235
 112 188 145  27  22 103  52 191  12 194   7   9 224  32  86 211  62  50
 220  35 153 196 204 172 210  93  14 128  48 138 212 213  40 187  87  34
 175  96  78  25 228  63 223 219  65  88  16 158 249 104 133 203   6  11
  72 215 232 180 198  31 101 252  68 123  39  42  67 227 150 169 251 241
 199   2 122 102 168 118  28 105  76 156 193 155 114 217 166 206 200  84
 107 178 148 163  10 240 119 111  49  13  92  79  55  17  60 131  38  26
  19  21 256 126 129 236  73  82 233  58  46 113 160  70 207  85 192  66
 181 110 189  43  97  64 221 246  23  61 226 141 209  95 108 116 234 162
 140 245 125  90 165  37 121 132 173  18  45  51 238   8  75 151 136 255
  36 202 143 161  99 170  30 146 159   4 135 183 247 190  57 185  53 253
 230 208 195 243]
AO    Best Permutation: [229   5 248 214 252  22 194  32  84  47 222 197 185   7 126  88 129 187
 244  66  11  20   9  90 254 121  49  98 180 189  77  92  59 128 209 237
 111 219   3 211 109 138  30  62 151 231 140 217 115  94  73 204  52  81
 157  35 132 117 191  26   1 162 256 170 147  39 182  44 103  86  56 226
 239 160 174 168 177 165  13  80 134 200  18  69 143  54 107  41 155 136
 234 208 124  70 135 122 201 218  79  25 202 154 156 149  83  38 181 184
  63   4 164 241 175 123  34  46   2 193 243 255  95  53 159 106 173 172
 144 108 130 205 101 167 242 251  10  51 240  82 145 120  36  15 118 227
 212 195 225 178 215  89 216  71 116 190 220  27 163  65 199  78 112 171
 232 233 223 161  55 152 183  60 250  43 213 238  14  21 198  37  57 203
 253  42 192  67  68  23  50 137 158 206 110 127 166  93  40 228  16  97
 176  58 142 133   6  99  28   8 150 146  19  31  72 113  17 188  33 131
 179 245  48 246 186  29 100 148  85  75 141 104 105 114 207  74  45 210
  91 102 139 236  76 196 169  24  61 249 119  96 235  87 230  12  64 224
 125 247 153 221]
