REPORT FOR INSTANCE: bur26f (Size: 26, Optimal Score: 3782044.0)
======================================================================

Version  Best_GAP  Mean_GAP  Worst_GAP  Std_GAP  Best_Score Optimum_Hits  Total_Time_Sec
    PMX       0.0  0.000000   0.000000 0.000000     3782044        30/30           36.31
   WRAO       0.0  0.000021   0.000635 0.000114     3782044        29/30           32.65
     AO       0.0  0.000000   0.000000 0.000000     3782044        30/30           33.12

======================================================================
BEST PERMUTATIONS FOUND BY EACH METHOD:
----------------------------------------
PMX   Best Permutation: [ 3 13  2 17 16 23 26 10  1 15 19 18 20 12 14 25 21  9  5  7 24  6  4 22
  8 11]
WRAO  Best Permutation: [ 6 24  3 17 16  8 11  1 10 15 20 18 19 12 14 25 21  5  9  2 13  7  4 22
 26 23]
AO    Best Permutation: [ 2 13  7 17 16 11  8  1 10 15 20 18 19 12 14 25 21  5  9  6 24  3  4 22
 23 26]
