REPORT FOR INSTANCE: chr25a (Size: 25, Optimal Score: 3796.0)
======================================================================

Version  Best_GAP  Mean_GAP  Worst_GAP  Std_GAP  Best_Score Optimum_Hits  Total_Time_Sec
    PMX  4.636459 14.659290  22.444679 4.278103        3972         0/30           33.83
   WRAO  2.054795 12.825782  19.494204 3.576791        3874         0/30           34.37
     AO  4.794521 13.451001  20.600632 3.765413        3978         0/30           34.21

======================================================================
BEST PERMUTATIONS FOUND BY EACH METHOD:
----------------------------------------
PMX   Best Permutation: [25 22  5  3 18  1 16 11 20 10  2  6  7  9 24 19 13  4 21  8 17 12 14 23
 15]
WRAO  Best Permutation: [25 12  3  5 18  4 20 11 16 10 14  6  9  7 24 19 13  1 21  8 17  2 22 15
 23]
AO    Best Permutation: [ 6  1  5  3 13  2 16  4 20 18 22  7 17 12 10 25 21 11 19  8 24  9 14 15
 23]
