REPORT FOR INSTANCE: bur26b (Size: 26, Optimal Score: 3817852.0)
======================================================================

Version  Best_GAP  Mean_GAP  Worst_GAP  Std_GAP  Best_Score Optimum_Hits  Total_Time_Sec
    PMX       0.0  0.000339   0.002619 0.000864     3817852        26/30           36.24
   WRAO       0.0  0.000335   0.002515 0.000855     3817852        26/30           36.38
     AO       0.0  0.000587   0.002515 0.001064     3817852        23/30           36.33

======================================================================
BEST PERMUTATIONS FOUND BY EACH METHOD:
----------------------------------------
PMX   Best Permutation: [26 10 17  7  4  2 13 23 22 18  1  9  5 21  8 12  3 20 19 25 11 15 24 16
 14  6]
WRAO  Best Permutation: [11 17 25  7  4 13  2 22 23 18  9  5  1 21  8 12  3 19 20 10 15 26 24 16
 14  6]
AO    Best Permutation: [17 10 26  7  4  2 13 22 23 18  5  9  1 21  8 12  3 19 20 15 11 25 16 24
 14  6]
