REPORT FOR INSTANCE: bur26c (Size: 26, Optimal Score: 5426795.0)
======================================================================

Version  Best_GAP  Mean_GAP  Worst_GAP  Std_GAP  Best_Score Optimum_Hits  Total_Time_Sec
    PMX       0.0  0.000397   0.002948 0.001001     5426795        25/30           36.32
   WRAO       0.0  0.000004   0.000111 0.000020     5426795        29/30           35.76
     AO       0.0  0.000113   0.002948 0.000528     5426795        25/30           37.08

======================================================================
BEST PERMUTATIONS FOUND BY EACH METHOD:
----------------------------------------
PMX   Best Permutation: [ 3  2 12 13 16 11 25 15 10  9 19  8 18 20  4 21  1  5 14 22  6 24  7 23
 17 26]
WRAO  Best Permutation: [ 2 12  3 13 16 25 11 10 15  9  8 18 19 20  4 21  1 14  5  6 24 22  7 23
 17 26]
AO    Best Permutation: [12  2  3 13 16 11 25 15 10  9 18  8 19 20  4 21  1  5 14 24  6 22 23  7
 17 26]
