REPORT FOR INSTANCE: tai60a (Size: 60, Optimal Score: 7205962.0)
======================================================================

Version  Best_GAP  Mean_GAP  Worst_GAP  Std_GAP  Best_Score Optimum_Hits  Total_Time_Sec
    PMX  2.678282  3.002387   3.294022 0.192994     7398958         0/30          174.85
   WRAO  2.836235  3.110832   3.444620 0.150098     7410340         0/30          175.31
     AO  2.668651  3.047679   3.501600 0.206708     7398264         0/30          175.84

======================================================================
BEST PERMUTATIONS FOUND BY EACH METHOD:
----------------------------------------
PMX   Best Permutation: [10 42 12 43  6 17 29 20 46 33 49 40 38  8 56 60 48 59 15  1 45 28 57 37
 53  7  2 23  9 41 24 34 31 21 22 26 54  4 19 16 51 44 11  3 36 30 18 27
 14 55 32 50 25 52 47 58 39 13 35  5]
WRAO  Best Permutation: [29 50 32  5 58 16 36  1 22 13 17 27 23 52 11 60  2 43 51 38 44 28 45 56
 54 41 42 21 30 10 40 46 53 35 26 37  6 39  9  7 31 24 55  8 15 25 47 57
  4 48 34 49 59 19 20 14 33 18 12  3]
AO    Best Permutation: [43 53 22 49  4 54  5 37 47 19  7 16 59 20 21 41 38 52 24  2 42 39 11 60
 45 32 27 36  6 56 25 30 23 58 12  9 51 55 33 31 50 34 26 35 17 57 28 29
 48 46 14 40 15 13 44 18 10  8  3  1]
