REPORT FOR INSTANCE: kra30a (Size: 30, Optimal Score: 88900.0)
======================================================================

Version  Best_GAP  Mean_GAP  Worst_GAP  Std_GAP  Best_Score Optimum_Hits  Total_Time_Sec
    PMX       0.0  1.550431   2.530934 0.711572       88900         3/30           47.97
   WRAO       0.0  1.740157   2.362205 0.587741       88900         2/30           47.64
     AO       0.0  1.361080   2.429696 0.839625       88900         6/30           48.17

======================================================================
BEST PERMUTATIONS FOUND BY EACH METHOD:
----------------------------------------
PMX   Best Permutation: [ 9 13 28 14  8  7 10 30 20 21 23 19 24 29 27  1 11 12 18 16 17 22 26  2
  5  3 25  6  4 15]
WRAO  Best Permutation: [14 30 19  9  8 20 24 13  7 21 29 28 10 23 27 18 26 25  1 16  5  6 11 17
  2  3 12 22  4 15]
AO    Best Permutation: [29 24 19 23 21 20 30 10  7  8 27 28 13  9 15  3  6 25  4  5  2 26 22 16
 17 18 12 11  1 14]
