REPORT FOR INSTANCE: bur26e (Size: 26, Optimal Score: 5386879.0)
======================================================================

Version  Best_GAP  Mean_GAP  Worst_GAP  Std_GAP  Best_Score Optimum_Hits  Total_Time_Sec
    PMX       0.0  0.000751   0.005328 0.001689     5386879        25/30           36.55
   WRAO       0.0  0.001067   0.005328 0.001950     5386879        23/30           36.70
     AO       0.0  0.000810   0.005328 0.001826     5386879        25/30           36.02

======================================================================
BEST PERMUTATIONS FOUND BY EACH METHOD:
----------------------------------------
PMX   Best Permutation: [13  4 14  7 16 25 26 17  1 15 18 20 12 19  3  8 21  9  5 10  6 24 22  2
 23 11]
WRAO  Best Permutation: [ 4 13 14  7 16 25 26  1 17 15 20 18 12 19  3  8 21  5  9  6 10 24  2 22
 11 23]
AO    Best Permutation: [13  4 14  7 16 25 26 17  1 15 18 20 12 19  3  8 21  9  5 10  6 24  2 22
 11 23]
