REPORT FOR INSTANCE: lipa60a (Size: 60, Optimal Score: 107218.0)
======================================================================

Version  Best_GAP  Mean_GAP  Worst_GAP  Std_GAP  Best_Score Optimum_Hits  Total_Time_Sec
    PMX  0.880449  0.931498   0.966256 0.020157      108162         0/30          174.41
   WRAO  0.884180  0.927176   0.969986 0.021949      108166         0/30          174.93
     AO  0.887911  0.926430   0.963458 0.018912      108170         0/30          173.11

======================================================================
BEST PERMUTATIONS FOUND BY EACH METHOD:
----------------------------------------
PMX   Best Permutation: [ 4 33 50 32 17 38 34 10  8 26 23 27 19 52  1 57  6 39 28  2  7 21 37 42
 22  9 11 49 43 30 14 29 16 60 44 56 47  3 53 41 58 51 24 15  5 59 40 25
 36 48 55 31 54 20 13 35 45 12 46 18]
WRAO  Best Permutation: [43  1 32 58 54 33 30 35  8 55 11 56  4 13 59 31 38  7 16 57 28 21 18 42
 53 26  2 60 48  9 12 46 22 20 52 24  6 49 47 45 51 34 19 44 17 41  5 39
 14 29  3 37 50 15 40 25 36 23 27 10]
AO    Best Permutation: [11 49 27 13 23 31 20 38 57  6  9 40 60 54 41 50 55 58 47 59 30 26  5 44
 39 32 53  4 17 18 21 45 42 12 16  7 56 51 35 28 24 22 19 15 48 52 14 10
 36  8  3 34 33 46  1 25 29 43 37  2]
