REPORT FOR INSTANCE: tai30a (Size: 30, Optimal Score: 1818146.0)
======================================================================

Version  Best_GAP  Mean_GAP  Worst_GAP  Std_GAP  Best_Score Optimum_Hits  Total_Time_Sec
    PMX  1.432668  1.900093   2.381877 0.290246     1844194         0/30           52.22
   WRAO  1.470619  1.964125   2.267365 0.210482     1844884         0/30           50.62
     AO  1.165143  1.894883   2.324896 0.308109     1839330         0/30           51.17

======================================================================
BEST PERMUTATIONS FOUND BY EACH METHOD:
----------------------------------------
PMX   Best Permutation: [ 3 10 22 15 30 19 11  4 12  2 18  6  5 13  7 25 16 27 20 21 17 29 28 24
  1  9 14  8 23 26]
WRAO  Best Permutation: [23  3  4 21 30  6 11 12  1 26  8 19 25 13  2 22  7 24 10  9 18 14 20 27
 17 28 29 15 16  5]
AO    Best Permutation: [18  1  4 28 30 26  6 10 22 19  3  7 17 21  8  5 23 16 27 20 12 14  9 15
 24 29 13 11 25  2]
