REPORT FOR INSTANCE: lipa80a (Size: 80, Optimal Score: 253195.0)
======================================================================

Version  Best_GAP  Mean_GAP  Worst_GAP  Std_GAP  Best_Score Optimum_Hits  Total_Time_Sec
    PMX  0.699461  0.736837   0.755149 0.013923      254966         0/30          292.55
   WRAO  0.674184  0.730991   0.768578 0.017613      254902         0/30          290.78
     AO  0.683663  0.732334   0.767393 0.018306      254926         0/30          290.05

======================================================================
BEST PERMUTATIONS FOUND BY EACH METHOD:
----------------------------------------
PMX   Best Permutation: [ 8 22 48 11 39 13 80  6  7  1 57 47 28 32 34 71 31 24  3 67 63 40 77 53
 10 17 60 78 49 68 44 58 35 18 50 42  4 19 26 16 65 37 38 15 52  9 43 70
 59 36 14 62 76 73 56 29 51 75 20 33 61  2 64 46 69 41 23 54 66 74 72  5
 45 79 30 55 25 27 21 12]
WRAO  Best Permutation: [54 33 20 28 56 34 80 30 16 21 19  9 65 67 76 23 79 43 55 49 74  3  4 25
 13  8 46 78 42 44 31 26 53  5 71 61 15 62  7 72  6 41 12 68 18 14 39 47
 32 60 66 36 29 17 10 58 75 11 64 37 59 73 70 40 27 63 52 48 77  2 51 35
 38 69 22 45  1 57 24 50]
AO    Best Permutation: [77 30 13 37 11 78 15 59 34 42 49 72 35 33 61 58 80 50 48 20 21 18 46 16
  6 57 24 56 66 70 65  1  7 25 36 40 64 19 23 54 51 63  8 55 60 12 74  9
 17 76 45 39  5 29 38  3 28 67 44 62  4 27 69 68 73 71 10 26 43 53 75 52
 14 32 41 47 31 22  2 79]
