REPORT FOR INSTANCE: tai80b (Size: 80, Optimal Score: 818415043.0)
======================================================================

Version  Best_GAP  Mean_GAP  Worst_GAP  Std_GAP  Best_Score Optimum_Hits  Total_Time_Sec
    PMX  0.709648  2.021419   2.966487 0.501144   824222911         0/30          244.58
   WRAO  0.423077  2.041899   2.679864 0.511552   821877567         0/30          239.91
     AO  1.184068  2.091714   2.956668 0.494900   828105634         0/30          211.88

======================================================================
BEST PERMUTATIONS FOUND BY EACH METHOD:
----------------------------------------
PMX   Best Permutation: [28 65 15 34 37 13  1 21 20 52 77 38 68 63 23 35 16 12 36 74 48 61 79 11
  5 71 26 73 22 42 75 66 40 17 27 33 70 14 29 55 67 25  4  3  7 10 19  9
 69 51 57 78 41 49 30 53 32  6 46 18 47 72 76 31 62 39 54 60 56 59 58  2
 24 44  8 50 64 45 43 80]
WRAO  Best Permutation: [41 59 65 34 37 13  1 21 20 52 77 38 68 15 48 12 36 11 16 79 42 66 61 26
  5 71 73 23 22 51 74 45 40 17 25 67 70 14 33  4 27 29 55 47  9 10  6 63
 53 35 69  3 32 30 44  7 49 28 56 54 46 75 58 31 18 39 78 19 62 72 76  2
 24 57  8 50 64 60 43 80]
AO    Best Permutation: [53 69 62 52 37 68 38 21 13  1 59 34 20 47 10 11 51 12 35 22 49 16  4 26
 15 71 23 65 73 48 74 66 32 27 77 24 25 33 41 17 67 29 55 79  9  7 18 61
 42  6 14 54  2 75 36 70 63 28 19 40 78 39 57 60 76 46 58  3 72 31 30 56
 44  5  8 50 45 43 64 80]
