REPORT FOR INSTANCE: esc128 (Size: 128, Optimal Score: 64.0)
======================================================================

Version  Best_GAP  Mean_GAP  Worst_GAP  Std_GAP  Best_Score Optimum_Hits  Total_Time_Sec
    PMX       0.0       0.0        0.0      0.0          64        30/30          700.41
   WRAO       0.0       0.0        0.0      0.0          64        30/30          700.05
     AO       0.0       0.0        0.0      0.0          64        30/30          702.61

======================================================================
BEST PERMUTATIONS FOUND BY EACH METHOD:
----------------------------------------
PMX   Best Permutation: [125  38   1  43 119  30  46  74  11 105  57  12   7 118  14 120  44  17
  25  39  97  52  29  75  45  54 109 117 110   9 114   6 121  91 122 113
  18  89   4  20  26  84  83  31   3  78  96  95 126   5  79 123  80  15
  72  90  37  73  40  32  24  49  47  51  71  65  63  42  69  10  66  41
  85 107  70  93  86  33  82  81  48  92  99  35 115  53 128  16  27 104
 103  67  22 112  19  55  23   8 101  28  87 124  58 116  36  77  98  64
  21  68 111 108 127  88  62 106  56   2  59  61  13  34  94  76 102  60
  50 100]
WRAO  Best Permutation: [ 24 117 102  98  51  20 119  29   8  56  82 116  68 109   4 105   2  33
  10 113 121  89  27  12  74  55  30 115 123 108  17  43  21  13   5   1
  73  22  18  39  62 103  35  48 110  32  44  36  19  40  34  77  42   9
  28  99 124  69 101  92  50 126  65 128  86   7 107  45  71  64  67  81
  79 120  75  83  15  88  11   3  57  47  31  26  41  95  59  60 104  66
  78 112 127  58   6  85  37  16  96 111  80  14 114  53  49  90  38  87
  84 106  61  93  63  76  52  70  46  94  25  97 100  72  54 125 122 118
  23  91]
AO    Best Permutation: [106  90   6   7 102  20  28  32  84  37  76 124  45  24  99  22  66  98
  73  96  60  53  87  68 115  21  11  70  14  41  59  46  43  25 107 123
  15  48  64 122   4 126 121  10  62  89 111 112  58  78  80  69  79  94
  38  12  34  33  95  18   9  56 109  55 100  81   1  63  85  75  82 105
 118 119  86  50 117  29 114 113  67  51   3  97  19  16 103  47  52  49
  72  39  92  71 120  30   5  26  44  61  91   8  93  54  65  13  27 101
  17 110  40  23 104 108  42  74  31  57  77  83 128 127  36 116  35 125
   2  88]
