REPORT FOR INSTANCE: tai64c (Size: 64, Optimal Score: 1855928.0)
======================================================================

Version  Best_GAP  Mean_GAP  Worst_GAP  Std_GAP  Best_Score Optimum_Hits  Total_Time_Sec
    PMX       0.0       0.0        0.0      0.0     1855928        30/30          189.71
   WRAO       0.0       0.0        0.0      0.0     1855928        30/30          188.77
     AO       0.0       0.0        0.0      0.0     1855928        30/30          185.84

======================================================================
BEST PERMUTATIONS FOUND BY EACH METHOD:
----------------------------------------
PMX   Best Permutation: [12 32 59 37 41  9  7 57 22 43 27 47 61 54 10 26 60 14 33 29  1 35 55 16
 20 18 17  2 36  8  6 28 13 30 24  3 58 56 64 50 44 49 31 42 39 15  5 46
 48 19 34 40 21  4 11 25 53 23 52 38 51 63 45 62]
WRAO  Best Permutation: [64 50 47 44 29 15 61 27 33 31 13  3  9 24 19 63 17  5 38 28  4 22 52  8
 40 20 21 55 49 14 30 11  1 58 32 56 16 23 45 60  6 18 10 46 57  2 12 62
 48 36 39 42  7 53 25 51 59 26 54 35 34 41 43 37]
AO    Best Permutation: [20 45  6 40 24 50 60  8 18 30  2 35 55 58 34 61 10 44 57 49 11  7 27 32
 59 48 21  3 56  9 31 51  5 29 16 14 23 42 37 43 63 62 19 53 22 17 25 13
 36 33 28 41 46 64 52 54 38 12 26  1 15  4 47 39]
