REPORT FOR INSTANCE: tai100b (Size: 100, Optimal Score: 1185996137.0)
======================================================================

Version  Best_GAP  Mean_GAP  Worst_GAP  Std_GAP  Best_Score Optimum_Hits  Total_Time_Sec
    PMX  0.812229  1.442417   2.803632 0.443555  1195629139         0/30          435.73
   WRAO  0.573861  1.286005   2.400764 0.406278  1192802106         0/30          435.74
     AO  0.751746  1.467500   2.313237 0.280288  1194911819         0/30          440.99

======================================================================
BEST PERMUTATIONS FOUND BY EACH METHOD:
----------------------------------------
PMX   Best Permutation: [ 85  66  50  82  65  70  81  37  45  48  27  26  94  63  72   1  14  71
  30  78  44  39  83   5  87  24  89  68  31  33  80  55  97  19  35  58
 100  56  67  40  23  25  42  54  49  77  15  51  21  59  22  29  18  86
  95  20  11  10  74  61  57  43   8  13  99  76   9   3  53   7  16  47
  93  73  92  28  41   2   6  52  34  96  36  90  84  62  91  60  79  12
  17   4  75  98  38  46  32  64  69  88]
WRAO  Best Permutation: [ 85  66  27  81  45  70  50  37  82  48  65  26  94  84  64  38  30  71
  32  14  44  15  83  54  36  17  89  33  31  80  68  16 100  49   4  75
  13  56  93  73  69  46  67  76  35  53   5   7  42  60  22  19  41  61
   6  43  11  18  28  72  78  57  74  29  58  86  77  10  21  87  23  99
  51  39  92   1  95   2  20  52  34  96  90  24  12   9  98  79   3  62
   8  40  97  47  91  55  25  63  59  88]
AO    Best Permutation: [ 85  37  66  81  70  50  27  82  48  65  45  26  94  74  72   1  30  96
  18  12  32  53  83   5 100   3  89  80  31  33  68  11  41  77  61  78
  43  20  57  28  24  95   6  58  79  87  21  51  54  98  86  39  60  23
  35  36  56  99  17  25  92  64  46   9  76  19  15  47  29   7  75  49
  69  73  84   2  44  38  14  34  52  71  42  13  91   4  62  59  55  97
  10  16  90  22  67  40  63   8  93  88]
