REPORT FOR INSTANCE: tai60b (Size: 60, Optimal Score: 608215054.0)
======================================================================

Version  Best_GAP  Mean_GAP  Worst_GAP  Std_GAP  Best_Score Optimum_Hits  Total_Time_Sec
    PMX  0.148179  0.761754   1.433595 0.310900   609116301         0/30          174.58
   WRAO  0.108192  0.690404   1.445237 0.337907   608873097         0/30          173.42
     AO  0.175885  0.739264   1.720801 0.307868   609284815         0/30          178.42

======================================================================
BEST PERMUTATIONS FOUND BY EACH METHOD:
----------------------------------------
PMX   Best Permutation: [20 34 58 30 24 56 60 25 50 33 40 36  1 37 14 13 22 44  3 18 32 10 49 26
 19 55 12 23 51 21  8 11 41  2 15 47 54  9 42 17 38  6 28 59 46 27 39 48
  7  5 57 31  4 45 52 35 43 29 16 53]
WRAO  Best Permutation: [25 34 58 30 24 56 60 20 50 33 40 36  1 37 14 13 18 10  3 26 49 44 32 19
 22 55 12 47 51 21  8 11 41 17  9 23 54 15 42  2 38  6 28 59 46 27 39 48
  7  5 57 31  4 45 43 35 52 29 16 53]
AO    Best Permutation: [30 34 58 20 56 50 60 40 33 24 25 36  1 37 55 13 18 26 44 14 22 57 31 19
  3  5 28 23 12 51  2 38 41  9 17 27 54 15  8  6 21 42 47 59 46 39 48 11
  7 10 49 32  4 29 52 16 43 45 35 53]
