REPORT FOR INSTANCE: kra30b (Size: 30, Optimal Score: 91420.0)
======================================================================

Version  Best_GAP  Mean_GAP  Worst_GAP  Std_GAP  Best_Score Optimum_Hits  Total_Time_Sec
    PMX   0.07657  0.478743   1.028221 0.283892       91490         0/30           48.40
   WRAO   0.00000  0.430978   0.962590 0.296494       91420         2/30           47.35
     AO   0.00000  0.503901   0.995406 0.265590       91420         1/30           47.90

======================================================================
BEST PERMUTATIONS FOUND BY EACH METHOD:
----------------------------------------
PMX   Best Permutation: [14 18 27  9  8 24 13  7 20 23 21 29 28 10 19 30 26 25  1 17  5 11 16  2
 12  4  3 22  6 15]
WRAO  Best Permutation: [15 22 12  4  5 11  2  1 16  6  3 17 30 26 18 23 10 28 21  7 13 20  8  9
 29 24 14 19 25 27]
AO    Best Permutation: [27 25 19 14 24 29  9  8 20 13  7 21 28 10 23 18 26 30 16  3  6 17  1  2
 11  5  4 12 22 15]
