REPORT FOR INSTANCE: tai40a (Size: 40, Optimal Score: 3139370.0)
======================================================================

Version  Best_GAP  Mean_GAP  Worst_GAP  Std_GAP  Best_Score Optimum_Hits  Total_Time_Sec
    PMX  1.887576  2.540660   2.843309 0.225435     3198628         0/30           80.57
   WRAO  1.819282  2.537679   3.070170 0.291230     3196484         0/30           81.34
     AO  1.805521  2.477822   2.856178 0.285283     3196052         0/30           81.85

======================================================================
BEST PERMUTATIONS FOUND BY EACH METHOD:
----------------------------------------
PMX   Best Permutation: [20  1  6 22 35 14 32 13 36  5  9 29 19 27 25 15 33 40 23 12 10 18 11 16
 38 24 21 17 26 30  8 34 28  7 37 31 39  3  2  4]
WRAO  Best Permutation: [39 25 36 14 31  4 26 30 28 34 29  5  6 18 32 38 19 33 37 35 16 15 27  7
  9 23 24 40 13  8 17 20 11  3  2 10  1 12 21 22]
AO    Best Permutation: [22 19  5 27  1  9 13 10 16 20 25  7 32 17 36 33 28 24 31 15  2 35 38 11
 26  3 40 30  4 12  8 14 18 34 39 21 23  6 37 29]
