REPORT FOR INSTANCE: lipa40a (Size: 40, Optimal Score: 31538.0)
======================================================================

Version  Best_GAP  Mean_GAP  Worst_GAP  Std_GAP  Best_Score Optimum_Hits  Total_Time_Sec
    PMX  0.982941  1.169277   1.255628 0.061116       31848         0/30           82.11
   WRAO  0.000000  1.132602   1.252457 0.217247       31538         1/30           81.43
     AO  1.090748  1.171814   1.230262 0.039166       31882         0/30           81.88

======================================================================
BEST PERMUTATIONS FOUND BY EACH METHOD:
----------------------------------------
PMX   Best Permutation: [ 7  4 14 27 13 40 24 19 16  1 28  5 30 15 32  8 22 39 18 38  6 31 29 17
 20 11  2 10 26  3  9 23 25 12 21 33 37 34 35 36]
WRAO  Best Permutation: [ 7  6 14 27 19 37 21  2 16  1 40 24 30 23  5 28 22 25 20 35 32 26 29  3
  4 11 36 10 13 38  9 17 31 18 33 15  8 34 39 12]
AO    Best Permutation: [38 23 26 15 24  7 35 32 18 17 22  2 37  6 40 29 30  5 34 19 20  9 21 11
 25 39 28  1 33 16 14 10 31  3 12 27 36 13  8  4]
