REPORT FOR INSTANCE: kra32 (Size: 32, Optimal Score: 88700.0)
======================================================================

Version  Best_GAP  Mean_GAP  Worst_GAP  Std_GAP  Best_Score Optimum_Hits  Total_Time_Sec
    PMX       0.0  1.335588   2.243517 0.696652       88700         5/30           52.09
   WRAO       0.0  1.356633   2.367531 0.717071       88700         4/30           52.32
     AO       0.0  1.491545   2.333709 0.638907       88700         3/30           52.25

======================================================================
BEST PERMUTATIONS FOUND BY EACH METHOD:
----------------------------------------
PMX   Best Permutation: [14  6  8  3  7  2 27 26 30 28 15 16 31 25  4 10 11  9 20 22 23 12 24 18
  1  5 13 32 19 21 29 17]
WRAO  Best Permutation: [18 26 30 31 27 28  7  6  2  8 19 20  3  5 32 23 22 21 16 10 11 24 12 14
  9 25 17  4 15 29  1 13]
AO    Best Permutation: [ 8 10  5 14  6  9 27 23 24 31 12 16 28 19 13 11  7  3 29 22 26 15 30 21
  1  2  4 32 25 18 17 20]
