REPORT FOR INSTANCE: bur26a (Size: 26, Optimal Score: 5426670.0)
======================================================================

Version  Best_GAP  Mean_GAP  Worst_GAP  Std_GAP  Best_Score Optimum_Hits  Total_Time_Sec
    PMX       0.0   0.00000   0.000000 0.000000     5426670        30/30           36.04
   WRAO       0.0   0.00000   0.000000 0.000000     5426670        30/30           35.86
     AO       0.0   0.00027   0.008108 0.001455     5426670        29/30           36.07

======================================================================
BEST PERMUTATIONS FOUND BY EACH METHOD:
----------------------------------------
PMX   Best Permutation: [26 15 11  7  4 12 13  2  6 18  1  5  9 21  8 14  3 20 19 25 17 10 16 24
 23 22]
WRAO  Best Permutation: [15 11 26  7  4 13 12  6  2 18  5  9  1 21  8 14  3 19 20 17 10 25 16 24
 22 23]
AO    Best Permutation: [15 26 11  7  4 12 13  2  6 18  5  1  9 21  8 14  3 20 19 17 25 10 16 24
 22 23]
