REPORT FOR INSTANCE: bur26d (Size: 26, Optimal Score: 3821225.0)
======================================================================

Version  Best_GAP  Mean_GAP  Worst_GAP  Std_GAP  Best_Score Optimum_Hits  Total_Time_Sec
    PMX       0.0  0.000110   0.000837 0.000216     3821225        23/30           36.80
   WRAO       0.0  0.000117   0.002041 0.000378     3821225        25/30           36.33
     AO       0.0  0.000037   0.000366 0.000110     3821225        27/30           36.64

======================================================================
BEST PERMUTATIONS FOUND BY EACH METHOD:
----------------------------------------
PMX   Best Permutation: [11 22  3  2 16 17 10 15 21  9 18 12 19 20 23 25 14  5  1 24 13  6  4  7
  8 26]
WRAO  Best Permutation: [24 13  3  2 16 17 10 15 21  9 18 12 19 20 23 25 14  5  1 11 22  6  4  7
 26  8]
AO    Best Permutation: [ 6 13 24  2 16  8 26 21 15  9 19 12 18 20 23 25 14  1  5  3 22 11  7  4
 10 17]
