REPORT FOR INSTANCE: lipa30a (Size: 30, Optimal Score: 13178.0)
======================================================================

Version  Best_GAP  Mean_GAP  Worst_GAP  Std_GAP  Best_Score Optimum_Hits  Total_Time_Sec
    PMX       0.0  0.702433   1.487327 0.578260       13178        11/30           48.65
   WRAO       0.0  0.846360   1.487327 0.582612       13178         9/30           48.32
     AO       0.0  0.816765   1.472151 0.578292       13178         9/30           48.08

======================================================================
BEST PERMUTATIONS FOUND BY EACH METHOD:
----------------------------------------
PMX   Best Permutation: [ 9 13 22 17 25 23 29 12 11  6  5 28 20 27 26  4 18  8 19 30 21  7 15 24
 14  3 16  1 10  2]
WRAO  Best Permutation: [ 9 13 22 17 25 23 29 12 11  6  5 28 20 27 14  4 18  8 19 30 21  7 15 24
 26  3 16  1 10  2]
AO    Best Permutation: [ 9 13 22 17 25 23 29 12 11  6  5 28 20 27 26  4 18  8 19 30 21  7 15 24
 14  3 16  1 10  2]
