REPORT FOR INSTANCE: tai100a (Size: 100, Optimal Score: 21052466.0)
======================================================================

Version  Best_GAP  Mean_GAP  Worst_GAP  Std_GAP  Best_Score Optimum_Hits  Total_Time_Sec
    PMX  2.498681  2.855041   3.078053 0.142839    21578500         0/30          438.12
   WRAO  2.552784  2.815749   2.960670 0.105184    21589890         0/30          439.20
     AO  2.524113  2.830957   3.017281 0.139731    21583854         0/30          441.47

======================================================================
BEST PERMUTATIONS FOUND BY EACH METHOD:
----------------------------------------
PMX   Best Permutation: [ 72   4  63  12  98   3  70  57  30  79  99  66  29  93  20  60  67  73
  69  17  38  19  89  21  35  61  25  92  50  53  77  36  91  43  32   6
  88  82  37  13  83  64  10  80  47  15  49  96  26  31  68  14  48  52
   5  76  86  74  95  42  71  84  81  44  51  18  58  28  27  46  54  97
   1  34   7  23  16  33  39   9   2  78  55  59  65  45  40  62  75  56
  87  90  11 100   8  22  85  24  94  41]
WRAO  Best Permutation: [ 45   3  53  92  48  10  93  20  94  37  69  24  28  26   7  14  97   4
  17  85  89  25  13  38  58  44  80  83  51  74  61  27  63  33  19  32
  76  16  70  22  21  98  99  77  96  82  39   9  35  95  86   1  62  42
  31  12 100  72   6  11  18  46  55  40  78  81  54  90  57  88  50  34
  23  79  49  65  75  64   8  43  73   2  60  30  52  36   5  84  87  66
  59  29  15  47  68  67  91  71  41  56]
AO    Best Permutation: [  3  39  19  63  76  67  32  22  11  93  26  82  52  48  65  20  43  47
  25  58  83  44  16  66  40  97  62  96  88  45  87  80  60   7   9  90
  36  13   6  98  10  99  71  75  30  72  91  81  61  73   8  79  37  95
  89  18  21  41   4  59  56  33  69  17  49  42  84  31  34  77  35  50
   1  53  78  28  27  85  14  64  57   2  24   5  86 100  94  12  68  92
  54  23  70  15  55  46  74  38  51  29]
