REPORT FOR INSTANCE: tai150b (Size: 150, Optimal Score: 498896643.0)
======================================================================

Version  Best_GAP  Mean_GAP  Worst_GAP  Std_GAP  Best_Score Optimum_Hits  Total_Time_Sec
    PMX  1.854823  2.322608   2.780403 0.260918   508150294         0/30          948.31
   WRAO  1.623964  2.197246   2.865184 0.325655   506998546         0/30          922.18
     AO  1.591592  2.152695   2.690941 0.280565   506837042         0/30          820.91

======================================================================
BEST PERMUTATIONS FOUND BY EACH METHOD:
----------------------------------------
PMX   Best Permutation: [ 78 114  17  87   3  50 145  71  85  44 135  23  90  31 140 138  45  11
  59  63 147 111  38  15 102  86  24 118  96  62  79   1  30  51   4 115
   5  52  56 103  77 127  42 146  93  27  43  67 144  29  60  46  12 110
 137  41  58 105  81 119  98 139  28 129  37  40  64 106  25  65   2 141
  48 134  21  16  36 122  55 124 107 150  33 108  47 133 143 131  94  69
 132   8  76   6  74  95 104  10 136 100  84  70 113 142  26  89  19  97
 149  57 123  82  61  18  66  75  20 101  39   9 112  92  73  22  80 128
 116  83 125  49 148 126 130  35  34  72  13 121  53  91 117  99  68 120
  32   7 109  54  88  14]
WRAO  Best Permutation: [134  66  65  80  28 135  47 109 104 125  36  73  32  33 115 114  31 103
  93 105  25  69 146  30 132  58 110 119 123  79  19  60  20 138 102 131
  29  50  55  27  38 124  87  22  23  44  77  35  11 118 143  37 108  41
  64   2 107  61  76 120  68 133 117 106  81  48 129  16 137   9  14  71
   7  90   5  75 141 150  89  98   8 121  26 112 149  82  34 139  72  83
  78  99  42  94  95 128  56 130  51 136 142   1 100   6  96  45  97 147
  88  57 111  17  85   3  63 122  54 116 140  86  49  84  67   4 126  10
  43  46 148  21  13  91  70  52  15  53  18  62 113 101 144  39  12 145
  92  24  74  59 127  40]
AO    Best Permutation: [ 88 107  25  77  72 147  45  99  90  32  86 119 103  63 109  84  47  65
  73 144  48 124  28  61 130 141 125  82 116 113 146 128  54 111  22  29
  68  89  64 134  37  34  40   1  16  13  62  94  15 148  53  96   5  91
  75  38  92 104 120 131  10  85  98   3 138  50  23  11 137  57  70  17
  87 140  79   4  51  60  55  67 132  31 135  27  19  80 123  69 115  58
 105  30 100  39   6  14 143  76  21 110  81 133  18  93 129 117  74 102
   2  33   9  36  41  59  12  42   7 106  71  24  44 142 121  78  46 114
 112 136  35  83 149  43  52 139 108   8 150  26 101 126  49  97  66  20
 122 118  56 127 145  95]
