REPORT FOR INSTANCE: tai50a (Size: 50, Optimal Score: 4938796.0)
======================================================================

Version  Best_GAP  Mean_GAP  Worst_GAP  Std_GAP  Best_Score Optimum_Hits  Total_Time_Sec
    PMX  2.159879  2.997907   3.426908 0.283496     5045468         0/30          124.82
   WRAO  2.036286  2.895294   3.265330 0.260576     5039364         0/30          125.01
     AO  2.441405  2.949493   3.299023 0.235454     5059372         0/30          123.30

======================================================================
BEST PERMUTATIONS FOUND BY EACH METHOD:
----------------------------------------
PMX   Best Permutation: [14 17  6 18  2  8 15 43 28 39 46 35 27 47 24 34 32 23 36 41  7  3 29 21
 33 13  9 38  1 40 11 26 42 30 45 12  4 50 48 31 49 10  5 37 16 44 22 19
 25 20]
WRAO  Best Permutation: [ 9 16 10 14 37  5 25 29 15 36 31 18 49 21 13 20  4 24  6  2 50 26 46 48
 22 45 19 34 12 39  3 30 17  8 40 47 38  7 44 35 27 33 43 32 28 23  1 41
 42 11]
AO    Best Permutation: [37 29 47  5  8 35 15  2 49  3 22 13 44 11 40 19  4 43 32 20 39 21 24 12
 42 27 17 41 16 48 46 18 50 26 33 25  9 34 36 14 30 10  7  6  1 45 23 38
 28 31]
