REPORT FOR INSTANCE: lipa50a (Size: 50, Optimal Score: 62093.0)
======================================================================

Version  Best_GAP  Mean_GAP  Worst_GAP  Std_GAP  Best_Score Optimum_Hits  Total_Time_Sec
    PMX  0.888989  1.056372   1.108015 0.042126       62645         0/30          125.91
   WRAO  1.000113  1.066089   1.114457 0.027468       62714         0/30          124.97
     AO  1.004944  1.076396   1.108015 0.021408       62717         0/30          125.23

======================================================================
BEST PERMUTATIONS FOUND BY EACH METHOD:
----------------------------------------
PMX   Best Permutation: [48 32 30 20 49 43 44 37 33  2  9  4  7 41 36  6 17 19 46 47 42 14 23  1
 15 31 29 16 28 12 27  5 40 45 50 21 39 18 13  3 34 24  8 26 25 11 22 35
 10 38]
WRAO  Best Permutation: [27  4 31 43 40 38 25 22  5 35 36 37 15 41 28 48 17 26 50  7 11 45 24 32
 21  2 20 16 14 44 19 29 39 42 30 18 47 34 33  9  6 12  1 49 13  8 46 23
 10  3]
AO    Best Permutation: [28 27 37  5 35 15 19 11 33 25 14 36 34 47 16 41 24 26 48 40 23  3 38 39
  1 32 31 43  9 12  2 29  4 44  8  7 30  6 17 49 13 46 42 22 20 50 18 45
 10 21]
