REPORT FOR INSTANCE: lipa60b (Size: 60, Optimal Score: 2520135.0)
======================================================================

Version  Best_GAP  Mean_GAP  Worst_GAP  Std_GAP  Best_Score Optimum_Hits  Total_Time_Sec
    PMX       0.0 16.904765  19.130205 5.639533     2520135         3/30          174.98
   WRAO       0.0 15.028412  19.123023 7.517799     2520135         6/30          173.82
     AO       0.0 14.449644  19.131475 7.973300     2520135         7/30          175.27

======================================================================
BEST PERMUTATIONS FOUND BY EACH METHOD:
----------------------------------------
PMX   Best Permutation: [ 1  2  3  4  5  6  7  8  9 10 11 12 13 14 15 16 17 18 19 20 21 22 23 24
 25 26 27 28 29 30 31 32 33 34 35 36 37 38 39 40 41 42 43 44 45 46 47 48
 49 50 51 52 53 54 55 56 57 58 59 60]
WRAO  Best Permutation: [ 1  2  3  4  5  6  7  8  9 10 11 12 13 14 15 16 17 18 19 20 21 22 23 24
 25 26 27 28 29 30 31 32 33 34 35 36 37 38 39 40 41 42 43 44 45 46 47 48
 49 50 51 52 53 54 55 56 57 58 59 60]
AO    Best Permutation: [ 1  2  3  4  5  6  7  8  9 10 11 12 13 14 15 16 17 18 19 20 21 22 23 24
 25 26 27 28 29 30 31 32 33 34 35 36 37 38 39 40 41 42 43 44 45 46 47 48
 49 50 51 52 53 54 55 56 57 58 59 60]
