REPORT FOR INSTANCE: tai80a (Size: 80, Optimal Score: 13499184.0)
======================================================================

Version  Best_GAP  Mean_GAP  Worst_GAP  Std_GAP  Best_Score Optimum_Hits  Total_Time_Sec
    PMX  2.726787  3.006444   3.304866 0.154327    13867278         0/30          268.06
   WRAO  2.123951  2.969396   3.306155 0.207715    13785900         0/30          251.37
     AO  2.649079  2.980483   3.222417 0.133748    13856788         0/30          252.10

======================================================================
BEST PERMUTATIONS FOUND BY EACH METHOD:
----------------------------------------
PMX   Best Permutation: [ 7 30 31 23 10 74 27 35  5 24 78 80 21 48 14 17 12 49 41  3 22 25 76 79
 67  8 40 65 11 16 38 46 39 26  9 47  4 53  1 42 66  2  6 18 73 55 28 63
 19 20 51 37 34 61 75 60 44 58 59 62 13 50 33 57 69 56 36 72 45 71 32 29
 52 43 70 77 15 54 64 68]
WRAO  Best Permutation: [41 44 69 23 53 32 14 34 40 38 64 51  8  2 62 39 16 73 71 33 21  3 68 74
 11 47 24  1 12 36 66 19 37 58 70 78 75 26 50  9 57 72 46 28 29 30 65  7
 43 77  5 55 45 79 42 13 63 59 48 67  4 17 15 49 52 76 56 25 18 10 61 31
 80 27 35 20 22  6 60 54]
AO    Best Permutation: [52 45 18 80  7 19 26 54  3 16 43 41 65 27 40 17 67 39 24 23 20 62 13 53
 64 74 69 61 11 12 35 50 14 60 37  6 68 34 46 22 47 76 55 15 28 51  1 71
 49  9 73 21  4 66 36 58 44 38 59 25 70 48 56 29 63 79 31 42 30 57  5 78
 77 75 72 32  2 10 33  8]
