REPORT FOR INSTANCE: bur26g (Size: 26, Optimal Score: 10117172.0)
======================================================================

Version  Best_GAP  Mean_GAP  Worst_GAP  Std_GAP  Best_Score Optimum_Hits  Total_Time_Sec
    PMX       0.0  0.000144   0.002184 0.000405    10117172        23/30           33.54
   WRAO       0.0  0.000215   0.002184 0.000404    10117172        17/30           33.25
     AO       0.0  0.000215   0.002184 0.000404    10117172        17/30           33.67

======================================================================
BEST PERMUTATIONS FOUND BY EACH METHOD:
----------------------------------------
PMX   Best Permutation: [ 2 11 22 23 13 25 24  8  1 21  7  4 20 18 12 15  9 19  5  6 16 26 14  3
 17 10]
WRAO  Best Permutation: [11  2 22 23 13 24 25  8  1 21  4  7 20 18 12 15  9 19  5 16  6 26 14  3
 10 17]
AO    Best Permutation: [22 11  2 23 13 25 24  1  8 21 20  4  7 18 12 15  9  5 19 26 16  6 14  3
 10 17]
