REPORT FOR INSTANCE: tai35a (Size: 35, Optimal Score: 2422002.0)
======================================================================

Version  Best_GAP  Mean_GAP  Worst_GAP  Std_GAP  Best_Score Optimum_Hits  Total_Time_Sec
    PMX  1.663004  2.217700   2.676298 0.241704     2462280         0/30           64.03
   WRAO  1.606605  2.231281   2.762013 0.305398     2460914         0/30           63.52
     AO  1.536332  2.261680   2.916265 0.321077     2459212         0/30           62.86

======================================================================
BEST PERMUTATIONS FOUND BY EACH METHOD:
----------------------------------------
PMX   Best Permutation: [ 2  5 13 35 25 14 20  9 27 33  1 30 24 19  3  4 34 16 17  7  6 18 22 26
 11 31 12 32 29 23 28  8 15 21 10]
WRAO  Best Permutation: [ 7  3 22 19 31 29 14 21  5 11 20 35  4  6  2 16 30 33 26 27 10  9 18 15
 34  8 17 32 13 23 25 28  1 12 24]
AO    Best Permutation: [24  5 29 21 31 16  7  9 26 10  1 27 35 23 32  3 30 22 25 12 17 28 19 33
 11 14 34 20 13 15  4  8 18  6  2]
