REPORT FOR INSTANCE: lipa90b (Size: 90, Optimal Score: 12490441.0)
======================================================================

Version  Best_GAP  Mean_GAP  Worst_GAP  Std_GAP  Best_Score Optimum_Hits  Total_Time_Sec
    PMX  0.000000 20.393232  21.260875 3.788571    12490441         1/30          369.31
   WRAO  0.000000 20.308461  21.260674 3.773840    12490441         1/30          370.31
     AO 20.503423 21.046358  21.279969 0.151714    15051409         0/30          371.56

======================================================================
BEST PERMUTATIONS FOUND BY EACH METHOD:
----------------------------------------
PMX   Best Permutation: [ 1  2  3  4  5  6  7  8  9 10 11 12 13 14 15 16 17 18 19 20 21 22 23 24
 25 26 27 28 29 30 31 32 33 34 35 36 37 38 39 40 41 42 43 44 45 46 47 48
 49 50 51 52 53 54 55 56 57 58 59 60 61 62 63 64 65 66 67 68 69 70 71 72
 73 74 75 76 77 78 79 80 81 82 83 84 85 86 87 88 89 90]
WRAO  Best Permutation: [ 1  2  3  4  5  6  7  8  9 10 11 12 13 14 15 16 17 18 19 20 21 22 23 24
 25 26 27 28 29 30 31 32 33 34 35 36 37 38 39 40 41 42 43 44 45 46 47 48
 49 50 51 52 53 54 55 56 57 58 59 60 61 62 63 64 65 66 67 68 69 70 71 72
 73 74 75 76 77 78 79 80 81 82 83 84 85 86 87 88 89 90]
AO    Best Permutation: [61 30 77 46 71 44 56 27 11 26 74 63 59  9 37 34 19 24 45 58 83 68 47 88
 20 78 39  7 51 21 49 69 85 35 16 29 70 43 50 67 84  6 53 57 66 86 17 82
 32 64  1 14 33 72 55 10 25 18 73 42  3 87 36 40 22 13 75 52  4 31  5 80
 38 81 79 12 41 89 60 65 15 28 76  8 62 54 23  2 90 48]
