REPORT FOR INSTANCE: tai40b (Size: 40, Optimal Score: 637250948.0)
======================================================================

Version  Best_GAP  Mean_GAP  Worst_GAP  Std_GAP  Best_Score Optimum_Hits  Total_Time_Sec
    PMX  0.000000  0.281759   1.118810 0.283247   637250948         1/30           80.54
   WRAO  0.011808  0.196362   0.774844 0.179564   637326196         0/30           81.76
     AO  0.008810  0.148754   0.466694 0.130060   637307091         0/30           81.77

======================================================================
BEST PERMUTATIONS FOUND BY EACH METHOD:
----------------------------------------
PMX   Best Permutation: [36  1 15 11 25 37 31 19 39 13 27  7 40 22  4 33 16 34 10 14 12 23  5 32
 35 38  9  3 30 29 24 17  2  6 28  8 20 26 18 21]
WRAO  Best Permutation: [36 11 15  1 25 37 39 19 31 13 27  7 40 22  4 33 16 34 10 14 12 23  5 32
 35 38  9  3 30 29 24 17  2  6 28  8 20 26 18 21]
AO    Best Permutation: [36  1 15 11 25 37 31 19 39 13 27  7 40 18  4 33 16 34 10 14 12 23  5 32
 35 38  9  3 24 20 22 17  2 29 28  6 30 26 21  8]
