REPORT FOR INSTANCE: tai50b (Size: 50, Optimal Score: 458821517.0)
======================================================================

Version  Best_GAP  Mean_GAP  Worst_GAP  Std_GAP  Best_Score Optimum_Hits  Total_Time_Sec
    PMX  0.132469  0.721260   1.397966 0.271147   459429314         0/30          124.49
   WRAO  0.090367  0.814877   1.362328 0.262566   459236142         0/30          124.89
     AO  0.132641  0.733757   1.631329 0.364765   459430103         0/30          124.82

======================================================================
BEST PERMUTATIONS FOUND BY EACH METHOD:
----------------------------------------
PMX   Best Permutation: [17 24 19 22 30 15 13  6 41  5  9 20 26 14 47 16 10 38 43 34 23 11 31  4
 21 49 48 32 37 27  3  8  1 33  7 39 18 29 45 42 25 36 44 40  2 35 50 28
 12 46]
WRAO  Best Permutation: [14 24  5 22 26 17 30 41  9 15 13 20  6 19 47 12 16 38 18 31 27 11 34  4
 23 49 37 21 32 48  3  8  1 33  7 46 44 29 45 28 40 50 36 39  2 35 43 25
 10 42]
AO    Best Permutation: [ 6 20 15 13 26 17 22 41 14  9  5 24 30 19 47 12 16 38 18 34 23 37 48 21
  4  3 49 32 11 27 31  8  1 33 44 43 25 29 45 28 40 36  7 46  2 35 50 39
 10 42]
