REPORT FOR INSTANCE: tai30b (Size: 30, Optimal Score: 637117113.0)
======================================================================

Version  Best_GAP  Mean_GAP  Worst_GAP  Std_GAP  Best_Score Optimum_Hits  Total_Time_Sec
    PMX  0.000000  0.195343   0.365358 0.099912   637117113         1/30           49.95
   WRAO  0.004395  0.225791   0.372452 0.085679   637145112         0/30           50.16
     AO  0.003271  0.164153   0.336580 0.096073   637137951         0/30           49.71

======================================================================
BEST PERMUTATIONS FOUND BY EACH METHOD:
----------------------------------------
PMX   Best Permutation: [ 4  8 11 15 17 20 21  5 14 30  2 13  6 29 10 26 27 24 28 22 12  9  7 23
 19 18 25 16  1  3]
WRAO  Best Permutation: [ 4  8 11 15 17 20 21  5 14 30  2 13 22 10 24 26 27  6 28 29 12  9  7 23
 19 18 16  1  3 25]
AO    Best Permutation: [ 4  8 11 15 17 20 21  5 14 30  2 13 22 10 24 26 27  6 28 29 12  9  7 23
 19 18 25 16  1  3]
