REPORT FOR INSTANCE: lipa90a (Size: 90, Optimal Score: 360630.0)
======================================================================

Version  Best_GAP  Mean_GAP  Worst_GAP  Std_GAP  Best_Score Optimum_Hits  Total_Time_Sec
    PMX  0.644982  0.683988   0.704046 0.013465      362956         0/30          368.37
   WRAO  0.635832  0.681631   0.705709 0.017127      362923         0/30          368.83
     AO  0.627513  0.680365   0.715137 0.020916      362893         0/30          369.74

======================================================================
BEST PERMUTATIONS FOUND BY EACH METHOD:
----------------------------------------
PMX   Best Permutation: [58 53 19 54 87 23 37 11 84 35 38 10 31 80 59 82 25 29 72  9 24 69 27 40
 26 60  1 46 34 74 66  5 15  2 52 57 42 43  3 86  4 55 28 77 51 88 90 22
 67 85 56 44 14 49 32 41 16 61 18 17 45 47 68 50 78 39 89 48 79 83 30 64
  7 63  8 71 81 62 65 20 70 76 21 13 33 73  6 75 36 12]
WRAO  Best Permutation: [29 31 50 22 69 64 28 59 36 76 66 87 57 65 82 47  5 77 74 42 14  1 21  3
  9  4 61 37 23 60  8 26 41 35 81  6 17 13  7 56 70 46 40 88 43 55 54 51
 52 49 72 12 78 67 85 27 58 48 10 20 30 38 44 63 53 83 19 34 18 68 90 80
 71 75 86 24 45 15 25 84 33 39 73 11 89 62 79 32 16  2]
AO    Best Permutation: [75 12 62  3 34 37 50 83 20 35 36 86  2 57 87 66  5 78 85 13 80  6 79 18
 40 70 28 61 72 58 45 43 53 39 22 52 49 17 73 11 77 48 25 76 19 55 54  9
 68  8 88 63 23 71 60 67  4 69 32 56 16 81 47 21  7 64 90 84 82 44 29 33
 31 74 24 89  1 38 46 59 42 41 65 14 15 30 51 10 26 27]
