REPORT FOR INSTANCE: bur26h (Size: 26, Optimal Score: 7098658.0)
======================================================================

Version  Best_GAP  Mean_GAP  Worst_GAP  Std_GAP  Best_Score Optimum_Hits  Total_Time_Sec
    PMX       0.0  0.000000    0.00000 0.000000     7098658        30/30           33.74
   WRAO       0.0  0.000232    0.00348 0.000868     7098658        28/30           33.82
     AO       0.0  0.000116    0.00348 0.000625     7098658        29/30           33.93

======================================================================
BEST PERMUTATIONS FOUND BY EACH METHOD:
----------------------------------------
PMX   Best Permutation: [16  3 22 12  6 17 24  8  1 21  4  7 20 18 14 15  9 19  5 11 13  2 26 23
 25 10]
WRAO  Best Permutation: [16 22  3 12  6 25 10  8  1 21  4 20  7 18 14 15  9 19  5 11  2 13 23 26
 17 24]
AO    Best Permutation: [22  3 11 12  6 25 10  8  1 21 20  7  4 18 14 15  9 19  5  2 13 16 23 26
 24 17]
